377 242
322 561
230 271
262 414
278 250
200 561
148 585
252 412
274 567
300 499
384 240
241 575
313 489
206 587
345 514
156 289
252 375
183 321
229 247
257 240
262 270
164 270
254 367
264 246
289 463
248 421
177 242
159 288
260 264
185 587
219 252
344 507
379 564
373 245
357 528
249 564
251 572
367 259
162 590
321 488
333 520
210 318
306 563
341 591
255 246
350 529
144 233
354 512
213 246
234 394
215 587
210 590
179 581
201 347
277 441
392 264
179 253
176 555
208 355
315 478
332 254
258 564
211 558
272 464
289 245
261 586
303 564
233 382
274 448
344 517
156 248
339 572
271 587
159 583
358 259
257 236
252 574
280 257
265 261
306 445
220 249
208 363
270 428
296 463
317 475
207 570
197 559
281 467
233 338
275 471
240 418
309 462
336 578
210 235
243 421
215 567
253 569
137 251
291 589
185 249
279 449
203 339
167 286
200 314
328 519
268 572
203 255
361 539
323 475
248 247
243 585
167 251
278 265
204 590
351 237
220 360
190 270
259 398
167 291
189 231
318 582
256 574
260 409
378 565
262 253
232 349
256 266
151 552
310 251
299 592
259 564
218 585
202 584
154 291
263 449
323 260
149 251
316 251
227 393
244 581
357 588
234 400
393 592
218 313
249 582
273 422
213 363
163 261
256 590
204 235
216 589
371 579
341 557
344 582
299 499
196 584
318 496
274 270
225 382
242 394
254 408
313 593
183 275
129 244
238 416
310 257
240 348
245 579
146 265
232 370
228 250
273 256
222 380
147 271
222 265
269 438
287 559
390 254
306 495
284 461
139 239
234 589
152 578
274 560
242 389
281 567
317 242
270 260
244 404
181 552
230 578
379 578
205 266
360 528
242 369
222 360
253 413
394 236
330 523
213 262
352 573
315 576
204 308
291 463
228 590
355 236
363 234
180 233
203 253
299 503
341 237
233 356
286 435
293 425
147 249
206 355
144 260
293 436
125 243
228 382
215 576
204 233
278 467
337 255
198 336
288 417
319 487
319 563
142 247
325 475
254 257
171 274
294 584
294 259
201 263
312 233
285 484
342 511
225 246
202 321
344 500
362 534
182 586
384 572
355 528
198 584
371 544
284 260
224 258
159 289
262 266
307 556
145 277
271 271
263 249
198 250
161 565
266 450
311 242
301 459
196 337
193 301
221 356
353 266
242 350
250 567
261 398
305 592
245 234
192 288
351 580
239 591
164 289
290 581
254 556
174 298
266 438
155 559
187 313
230 383
172 554
234 249
263 435
299 464
150 591
344 259
340 523
314 576
231 388
226 396
321 234
239 379
372 561
314 231
261 399
254 421
242 405
177 325
175 299
339 512
198 355
241 354
213 348
242 571
281 592
276 592
307 586
201 552
194 237
343 586
278 567
254 585
280 250
191 593
134 240
222 267
274 585
144 267
148 249
389 593
204 263
200 582
164 573
291 466
301 578
361 579
366 561
366 537
173 263
277 265
342 271
323 494
235 377
239 239
265 586
289 463
142 587
275 254
176 579
288 592
280 578
352 553
355 264
318 532
280 586
175 261
240 270
274 438
243 399
225 571
152 259
366 536
341 500
349 541
160 575
282 254
300 492
173 234
225 324
356 557
224 361
347 266
335 543
153 570
172 553
209 557
370 241
189 243
146 574
156 554
243 271
255 411
338 575
227 245
190 245
331 249
191 238
379 549
179 580
346 546
377 588
